# 00-Avg. Beta Func. 05-rho1D 06-rho3D 07-Lg1D 08-Lg3D 09-Psat 10-Pshot 11-Pss 12-Lsat 13-sigmar 15-bandWidth 17-PulseEnergy 18-PhotonPerPulse
5.00000000e+00 1.48682017e-03 1.20762898e-03 7.72522388e-01 9.51121481e-01 1.41244356e+08 1.54773564e+00 1.71310959e+08 1.97066878e+01 1.30511813e+02 3.61565585e-01 2.85518265e+02 7.18666129e+13
5.15151515e+00 1.47209821e-03 1.19981567e-03 7.80248125e-01 9.57315275e-01 1.40816895e+08 1.51684335e+00 1.69012099e+08 1.98413872e+01 1.32474507e+02 3.60394029e-01 2.81686831e+02 7.09022188e+13
5.30303030e+00 1.45794254e-03 1.19216639e-03 7.87823823e-01 9.63457683e-01 1.40376959e+08 1.48743697e+00 1.66825312e+08 1.99750096e+01 1.34408543e+02 3.59243368e-01 2.78042187e+02 6.99848406e+13
5.45454545e+00 1.44431611e-03 1.18467885e-03 7.95256562e-01 9.69547034e-01 1.39926995e+08 1.45940556e+00 1.64741576e+08 2.01075174e+01 1.36315143e+02 3.58113456e-01 2.74569293e+02 6.91106929e+13
5.60606061e+00 1.43118524e-03 1.17735024e-03 8.02552901e-01 9.75582136e-01 1.39469101e+08 1.43264922e+00 1.62752854e+08 2.02388832e+01 1.38195441e+02 3.57004065e-01 2.71254757e+02 6.82764049e+13
5.75757576e+00 1.41851922e-03 1.17017737e-03 8.09718931e-01 9.81562193e-01 1.39005076e+08 1.40707780e+00 1.60851966e+08 2.03690886e+01 1.40050496e+02 3.55914900e-01 2.68086610e+02 6.74789637e+13
5.90909091e+00 1.40629000e-03 1.16315676e-03 8.16760319e-01 9.87486730e-01 1.38536466e+08 1.38260965e+00 1.59032470e+08 2.04981219e+01 1.41881299e+02 3.54845618e-01 2.65054117e+02 6.67156676e+13
6.06060606e+00 1.39447187e-03 1.15628476e-03 8.23682347e-01 9.93355537e-01 1.38064598e+08 1.35917067e+00 1.57288572e+08 2.06259773e+01 1.43688777e+02 3.53795840e-01 2.62147620e+02 6.59840853e+13
6.21212121e+00 1.38304126e-03 1.14955759e-03 8.30489948e-01 9.99168619e-01 1.37590617e+08 1.33669343e+00 1.55615041e+08 2.07526537e+01 1.45473799e+02 3.52765161e-01 2.59358401e+02 6.52820227e+13
6.36363636e+00 1.37197646e-03 1.14297141e-03 8.37187736e-01 1.00492616e+00 1.37115504e+08 1.31511641e+00 1.54007142e+08 2.08781539e+01 1.47237182e+02 3.51753158e-01 2.56678570e+02 6.46074936e+13
6.51515152e+00 1.36125745e-03 1.13652236e-03 8.43780037e-01 1.01062848e+00 1.36640105e+08 1.29438338e+00 1.52460579e+08 2.10024837e+01 1.48979695e+02 3.50759396e-01 2.54100965e+02 6.39586953e+13
6.66666667e+00 1.35086577e-03 1.13020659e-03 8.50270908e-01 1.01627603e+00 1.36165148e+08 1.27444283e+00 1.50971440e+08 2.11256518e+01 1.50702061e+02 3.49783436e-01 2.51619067e+02 6.33339872e+13
6.81818182e+00 1.34078431e-03 1.12402028e-03 8.56664162e-01 1.02186935e+00 1.35691257e+08 1.25524747e+00 1.49536159e+08 2.12476687e+01 1.52404963e+02 3.48824833e-01 2.49226931e+02 6.27318726e+13
6.96969697e+00 1.33099721e-03 1.11795967e-03 8.62963390e-01 1.02740904e+00 1.35218969e+08 1.23675379e+00 1.48151472e+08 2.13685466e+01 1.54089047e+02 3.47883147e-01 2.46919119e+02 6.21509829e+13
7.12121212e+00 1.32148976e-03 1.11202107e-03 8.69171973e-01 1.03289577e+00 1.34748744e+08 1.21892172e+00 1.46814389e+08 2.14882992e+01 1.55754923e+02 3.46957941e-01 2.44690648e+02 6.15900636e+13
7.27272727e+00 1.31224827e-03 1.10620088e-03 8.75293104e-01 1.03833027e+00 1.34280975e+08 1.20171423e+00 1.45522164e+08 2.16069412e+01 1.57403169e+02 3.46048780e-01 2.42536939e+02 6.10479626e+13
7.42424242e+00 1.30325999e-03 1.10049558e-03 8.81329799e-01 1.04371329e+00 1.33815997e+08 1.18509712e+00 1.44272269e+08 2.17244879e+01 1.59034333e+02 3.45155242e-01 2.40453782e+02 6.05236197e+13
7.57575758e+00 1.29451302e-03 1.09490174e-03 8.87284911e-01 1.04904562e+00 1.33354096e+08 1.16903869e+00 1.43062374e+08 2.18409557e+01 1.60648937e+02 3.44276908e-01 2.38437290e+02 6.00160570e+13
7.72727273e+00 1.28599624e-03 1.08941603e-03 8.93161141e-01 1.05432804e+00 1.32895512e+08 1.15350953e+00 1.41890325e+08 2.19563608e+01 1.62247473e+02 3.43413373e-01 2.36483876e+02 5.95243711e+13
7.87878788e+00 1.27769926e-03 1.08403523e-03 8.98961051e-01 1.05956138e+00 1.32440449e+08 1.13848233e+00 1.40754130e+08 2.20707204e+01 1.63830412e+02 3.42564237e-01 2.34590217e+02 5.90477262e+13
8.03030303e+00 1.26961233e-03 1.07875623e-03 9.04687072e-01 1.06474645e+00 1.31989076e+08 1.12393165e+00 1.39651941e+08 2.21840513e+01 1.65398203e+02 3.41729114e-01 2.32753235e+02 5.85853472e+13
8.18181818e+00 1.26172634e-03 1.07357599e-03 9.10341513e-01 1.06988409e+00 1.31541534e+08 1.10983383e+00 1.38582042e+08 2.22963708e+01 1.66951272e+02 3.40907626e-01 2.30970071e+02 5.81365143e+13
8.33333333e+00 1.25403270e-03 1.06849160e-03 9.15926570e-01 1.07497511e+00 1.31097936e+08 1.09616677e+00 1.37542839e+08 2.24076961e+01 1.68490026e+02 3.40099409e-01 2.29238065e+02 5.77005583e+13
8.48484848e+00 1.24652334e-03 1.06350023e-03 9.21444333e-01 1.08002033e+00 1.30658375e+08 1.08290981e+00 1.36532844e+08 2.25180444e+01 1.70014854e+02 3.39304107e-01 2.27554740e+02 5.72768557e+13
8.63636364e+00 1.23919068e-03 1.05859916e-03 9.26896793e-01 1.08502057e+00 1.30222925e+08 1.07004366e+00 1.35550672e+08 2.26274326e+01 1.71526127e+02 3.38521374e-01 2.25917787e+02 5.68648251e+13
8.78787879e+00 1.23202757e-03 1.05378577e-03 9.32285849e-01 1.08997663e+00 1.29791642e+08 1.05755025e+00 1.34595029e+08 2.27358776e+01 1.73024200e+02 3.37750878e-01 2.24325048e+02 5.64639232e+13
8.93939394e+00 1.22502726e-03 1.04905751e-03 9.37613313e-01 1.09488932e+00 1.29364565e+08 1.04541260e+00 1.33664702e+08 2.28433963e+01 1.74509413e+02 3.36992295e-01 2.22774503e+02 5.60736421e+13
9.09090909e+00 1.21818339e-03 1.04441194e-03 9.42880914e-01 1.09975942e+00 1.28941724e+08 1.03361483e+00 1.32758558e+08 2.29500051e+01 1.75982093e+02 3.36245310e-01 2.21264263e+02 5.56935059e+13
9.24242424e+00 1.21148994e-03 1.03984669e-03 9.48090306e-01 1.10458770e+00 1.28523135e+08 1.02214198e+00 1.31875534e+08 2.30557203e+01 1.77442550e+02 3.35509622e-01 2.19792556e+02 5.53230687e+13
9.39393939e+00 1.20494122e-03 1.03535950e-03 9.53243072e-01 1.10937492e+00 1.28108804e+08 1.01097999e+00 1.31014631e+08 2.31605578e+01 1.78891085e+02 3.34784936e-01 2.18357718e+02 5.49619115e+13
9.54545455e+00 1.19853183e-03 1.03094816e-03 9.58340726e-01 1.11412184e+00 1.27698730e+08 1.00011563e+00 1.30174911e+08 2.32645336e+01 1.80327984e+02 3.34070969e-01 2.16958185e+02 5.46096409e+13
9.69696970e+00 1.19225668e-03 1.02661057e-03 9.63384717e-01 1.11882918e+00 1.27292903e+08 9.89536420e-01 1.29355491e+08 2.33676629e+01 1.81753524e+02 3.33367446e-01 2.15592485e+02 5.42658864e+13
9.84848485e+00 1.18611092e-03 1.02234468e-03 9.68376437e-01 1.12349767e+00 1.26891307e+08 9.79230593e-01 1.28555541e+08 2.34699610e+01 1.83167969e+02 3.32674102e-01 2.14259234e+02 5.39302993e+13
1.00000000e+01 1.18008995e-03 1.01814852e-03 9.73317218e-01 1.12812801e+00 1.26493920e+08 9.69187039e-01 1.27774275e+08 2.35714429e+01 1.84571576e+02 3.31990678e-01 2.12957124e+02 5.36025506e+13
1.01515152e+01 1.17418940e-03 1.01402020e-03 9.78208342e-01 1.13272089e+00 1.26100715e+08 9.59395261e-01 1.27010954e+08 2.36721229e+01 1.85964589e+02 3.31316928e-01 2.11684923e+02 5.32823301e+13
1.03030303e+01 1.16840512e-03 1.00995789e-03 9.83051036e-01 1.13727699e+00 1.25711663e+08 9.49845326e-01 1.26264879e+08 2.37720155e+01 1.87347244e+02 3.30652610e-01 2.10441465e+02 5.29693444e+13
1.04545455e+01 1.16273316e-03 1.00595981e-03 9.87846483e-01 1.14179697e+00 1.25326727e+08 9.40527836e-01 1.25535389e+08 2.38711346e+01 1.88719770e+02 3.29997491e-01 2.09225648e+02 5.26633163e+13
1.06060606e+01 1.15716976e-03 1.00202428e-03 9.92595818e-01 1.14628147e+00 1.24945870e+08 9.31433884e-01 1.24821858e+08 2.39694938e+01 1.90082385e+02 3.29351348e-01 2.08036430e+02 5.23639832e+13
1.07575758e+01 1.15171133e-03 9.98149643e-04 9.97300134e-01 1.15073113e+00 1.24569053e+08 9.22555027e-01 1.24123694e+08 2.40671066e+01 1.91435302e+02 3.28713961e-01 2.06872824e+02 5.20710967e+13
1.09090909e+01 1.14635446e-03 9.94334313e-04 1.00196048e+00 1.15514656e+00 1.24196232e+08 9.13883255e-01 1.23440335e+08 2.41639860e+01 1.92778724e+02 3.28085121e-01 2.05733892e+02 5.17844209e+13
1.10606061e+01 1.14109588e-03 9.90576763e-04 1.00657788e+00 1.15952838e+00 1.23827364e+08 9.05410959e-01 1.22771248e+08 2.42601447e+01 1.94112849e+02 3.27464624e-01 2.04618747e+02 5.15037323e+13
1.12121212e+01 1.13593248e-03 9.86875512e-04 1.01115329e+00 1.16387716e+00 1.23462402e+08 8.97130912e-01 1.22115926e+08 2.43555953e+01 1.95437866e+02 3.26852272e-01 2.03526543e+02 5.12288184e+13
1.13636364e+01 1.13086128e-03 9.83229134e-04 1.01568767e+00 1.16819348e+00 1.23101299e+08 8.89036241e-01 1.21473888e+08 2.44503500e+01 1.96753961e+02 3.26247875e-01 2.02456480e+02 5.09594773e+13
1.15151515e+01 1.12587945e-03 9.79636250e-04 1.02018193e+00 1.17247791e+00 1.22744006e+08 8.81120405e-01 1.20844677e+08 2.45444207e+01 1.98061311e+02 3.25651247e-01 2.01407795e+02 5.06955170e+13
1.16666667e+01 1.12098426e-03 9.76095528e-04 1.02463693e+00 1.17673100e+00 1.22390476e+08 8.73377178e-01 1.20227857e+08 2.46378190e+01 1.99360087e+02 3.25062210e-01 2.00379761e+02 5.04367549e+13
1.18181818e+01 1.11617311e-03 9.72605681e-04 1.02905352e+00 1.18095328e+00 1.22040658e+08 8.65800625e-01 1.19623012e+08 2.47305563e+01 2.00650457e+02 3.24480590e-01 1.99371687e+02 5.01830169e+13
1.19696970e+01 1.11144351e-03 9.69165465e-04 1.03343252e+00 1.18514527e+00 1.21694503e+08 8.58385090e-01 1.19029749e+08 2.48226437e+01 2.01932582e+02 3.23906220e-01 1.98382914e+02 4.99341370e+13
1.21212121e+01 1.10679306e-03 9.65773677e-04 1.03777473e+00 1.18930749e+00 1.21351959e+08 8.51125177e-01 1.18447688e+08 2.49140921e+01 2.03206617e+02 3.23338936e-01 1.97412814e+02 4.96899570e+13
1.22727273e+01 1.10221948e-03 9.62429153e-04 1.04208090e+00 1.19344043e+00 1.21012978e+08 8.44015736e-01 1.17876471e+08 2.50049120e+01 2.04472714e+02 3.22778580e-01 1.96460786e+02 4.94503259e+13
1.24242424e+01 1.09772058e-03 9.59130769e-04 1.04635177e+00 1.19754459e+00 1.20677508e+08 8.37051846e-01 1.17315754e+08 2.50951139e+01 2.05731020e+02 3.22225001e-01 1.95526257e+02 4.92150996e+13
1.25757576e+01 1.09329424e-03 9.55877436e-04 1.05058805e+00 1.20162044e+00 1.20345499e+08 8.30228807e-01 1.16765208e+08 2.51847078e+01 2.06981676e+02 3.21678050e-01 1.94608680e+02 4.89841402e+13
1.27272727e+01 1.08893844e-03 9.52668101e-04 1.05479045e+00 1.20566844e+00 1.20016902e+08 8.23542123e-01 1.16224519e+08 2.52737036e+01 2.08224820e+02 3.21137583e-01 1.93707532e+02 4.87573159e+13
1.28787879e+01 1.08465123e-03 9.49501745e-04 1.05895963e+00 1.20968905e+00 1.19691666e+08 8.16987495e-01 1.15693387e+08 2.53621109e+01 2.09460587e+02 3.20603461e-01 1.92822311e+02 4.85345006e+13
1.30303030e+01 1.08043076e-03 9.46377379e-04 1.06309623e+00 1.21368271e+00 1.19369742e+08 8.10560806e-01 1.15171523e+08 2.54499393e+01 2.10689105e+02 3.20075548e-01 1.91952539e+02 4.83155738e+13
1.31818182e+01 1.07627521e-03 9.43294047e-04 1.06720089e+00 1.21764986e+00 1.19051080e+08 8.04258113e-01 1.14658653e+08 2.55371978e+01 2.11910501e+02 3.19553714e-01 1.91097755e+02 4.81004198e+13
1.33333333e+01 1.07218287e-03 9.40250825e-04 1.07127422e+00 1.22159091e+00 1.18735633e+08 7.98075641e-01 1.14154512e+08 2.56238955e+01 2.13124898e+02 3.19037831e-01 1.90257520e+02 4.78889279e+13
1.34848485e+01 1.06815207e-03 9.37246815e-04 1.07531680e+00 1.22550629e+00 1.18423352e+08 7.92009769e-01 1.13658848e+08 2.57100412e+01 2.14332414e+02 3.18527776e-01 1.89431413e+02 4.76809918e+13
1.36363636e+01 1.06418121e-03 9.34281146e-04 1.07932921e+00 1.22939639e+00 1.18114190e+08 7.86057023e-01 1.13171417e+08 2.57956434e+01 2.15533166e+02 3.18023428e-01 1.88619028e+02 4.74765098e+13
1.37878788e+01 1.06026874e-03 9.31352976e-04 1.08331201e+00 1.23326160e+00 1.17808099e+08 7.80214072e-01 1.12691986e+08 2.58807105e+01 2.16727264e+02 3.17524672e-01 1.87819977e+02 4.72753840e+13
1.39393939e+01 1.05641319e-03 9.28461488e-04 1.08726574e+00 1.23710233e+00 1.17505032e+08 7.74477717e-01 1.12220332e+08 2.59652509e+01 2.17914820e+02 3.17031393e-01 1.87033887e+02 4.70775205e+13
1.40909091e+01 1.05261311e-03 9.25605889e-04 1.09119092e+00 1.24091893e+00 1.17204945e+08 7.68844886e-01 1.11756240e+08 2.60492724e+01 2.19095939e+02 3.16543483e-01 1.86260399e+02 4.68828292e+13
1.42424242e+01 1.04886712e-03 9.22785410e-04 1.09508806e+00 1.24471177e+00 1.16907792e+08 7.63312627e-01 1.11299502e+08 2.61327829e+01 2.20270724e+02 3.16060834e-01 1.85499170e+02 4.66912234e+13
1.43939394e+01 1.04517390e-03 9.19999305e-04 1.09895767e+00 1.24848123e+00 1.16613528e+08 7.57878103e-01 1.10849921e+08 2.62157900e+01 2.21439277e+02 3.15583343e-01 1.84749868e+02 4.65026197e+13
1.45454545e+01 1.04153215e-03 9.17246850e-04 1.10280021e+00 1.25222765e+00 1.16322110e+08 7.52538586e-01 1.10407305e+08 2.62983014e+01 2.22601696e+02 3.15110908e-01 1.84012175e+02 4.63169379e+13
1.46969697e+01 1.03794063e-03 9.14527342e-04 1.10661615e+00 1.25595137e+00 1.16033494e+08 7.47291450e-01 1.09971470e+08 2.63803242e+01 2.23758076e+02 3.14643431e-01 1.83285783e+02 4.61341009e+13
1.48484848e+01 1.03439814e-03 9.11840098e-04 1.11040597e+00 1.25965273e+00 1.15747637e+08 7.42134169e-01 1.09542239e+08 2.64618657e+01 2.24908511e+02 3.14180818e-01 1.82570398e+02 4.59540343e+13
1.50000000e+01 1.03090353e-03 9.09184456e-04 1.11417008e+00 1.26333205e+00 1.15464498e+08 7.37064311e-01 1.09119441e+08 2.65429328e+01 2.26053091e+02 3.13722974e-01 1.81865735e+02 4.57766665e+13
1.51515152e+01 1.02745566e-03 9.06559772e-04 1.11790894e+00 1.26698967e+00 1.15184036e+08 7.32079533e-01 1.08702912e+08 2.66235324e+01 2.27191905e+02 3.13269810e-01 1.81171520e+02 4.56019286e+13
1.53030303e+01 1.02405347e-03 9.03965421e-04 1.12162295e+00 1.27062589e+00 1.14906209e+08 7.27177577e-01 1.08292493e+08 2.67036713e+01 2.28325039e+02 3.12821239e-01 1.80487489e+02 4.54297539e+13
1.54545455e+01 1.02069589e-03 9.01400794e-04 1.12531252e+00 1.27424102e+00 1.14630978e+08 7.22356268e-01 1.07888032e+08 2.67833559e+01 2.29452576e+02 3.12377173e-01 1.79813387e+02 4.52600785e+13
1.56060606e+01 1.01738192e-03 8.98865300e-04 1.12897806e+00 1.27783536e+00 1.14358305e+08 7.17613508e-01 1.07489380e+08 2.68625928e+01 2.30574601e+02 3.11937531e-01 1.79148967e+02 4.50928403e+13
1.57575758e+01 1.01411057e-03 8.96358366e-04 1.13261995e+00 1.28140921e+00 1.14088149e+08 7.12947272e-01 1.07096396e+08 2.69413881e+01 2.31691191e+02 3.11502230e-01 1.78493994e+02 4.49279796e+13
1.59090909e+01 1.01088090e-03 8.93879431e-04 1.13623857e+00 1.28496285e+00 1.13820474e+08 7.08355607e-01 1.06708942e+08 2.70197480e+01 2.32802426e+02 3.11071193e-01 1.77848237e+02 4.47654387e+13
1.60606061e+01 1.00769198e-03 8.91427954e-04 1.13983429e+00 1.28849657e+00 1.13555242e+08 7.03836629e-01 1.06326884e+08 2.70976786e+01 2.33908382e+02 3.10644341e-01 1.77211474e+02 4.46051619e+13
1.62121212e+01 1.00454292e-03 8.89003405e-04 1.14340746e+00 1.29201065e+00 1.13292418e+08 6.99388517e-01 1.05950096e+08 2.71751858e+01 2.35009134e+02 3.10221601e-01 1.76583493e+02 4.44470953e+13
1.63636364e+01 1.00143286e-03 8.86605270e-04 1.14695843e+00 1.29550534e+00 1.13031963e+08 6.95009513e-01 1.05578451e+08 2.72522752e+01 2.36104753e+02 3.09802898e-01 1.75964086e+02 4.42911869e+13
1.65151515e+01 9.98360961e-04 8.84233049e-04 1.15048756e+00 1.29898093e+00 1.12773845e+08 6.90697918e-01 1.05211832e+08 2.73289527e+01 2.37195312e+02 3.09388163e-01 1.75353053e+02 4.41373864e+13
1.66666667e+01 9.95326410e-04 8.81886253e-04 1.15399517e+00 1.30243766e+00 1.12518027e+08 6.86452089e-01 1.04850120e+08 2.74052236e+01 2.38280880e+02 3.08977325e-01 1.74750201e+02 4.39856450e+13
1.68181818e+01 9.92328421e-04 8.79564409e-04 1.15748158e+00 1.30587579e+00 1.12264477e+08 6.82270441e-01 1.04493205e+08 2.74810934e+01 2.39361524e+02 3.08570317e-01 1.74155342e+02 4.38359157e+13
1.69696970e+01 9.89366229e-04 8.77267054e-04 1.16094711e+00 1.30929557e+00 1.12013160e+08 6.78151436e-01 1.04140978e+08 2.75565675e+01 2.40437312e+02 3.08167072e-01 1.73568296e+02 4.36881528e+13
1.71212121e+01 9.86439093e-04 8.74993739e-04 1.16439208e+00 1.31269724e+00 1.11764044e+08 6.74093590e-01 1.03793333e+08 2.76316510e+01 2.41508308e+02 3.07767527e-01 1.72988888e+02 4.35423123e+13
1.72727273e+01 9.83546293e-04 8.72744024e-04 1.16781678e+00 1.31608104e+00 1.11517097e+08 6.70095466e-01 1.03450168e+08 2.77063490e+01 2.42574575e+02 3.07371619e-01 1.72416947e+02 4.33983515e+13
1.74242424e+01 9.80687130e-04 8.70517484e-04 1.17122151e+00 1.31944721e+00 1.11272286e+08 6.66155671e-01 1.03111386e+08 2.77806666e+01 2.43636175e+02 3.06979286e-01 1.71852309e+02 4.32562289e+13
1.75757576e+01 9.77860927e-04 8.68313701e-04 1.17460657e+00 1.32279597e+00 1.11029582e+08 6.62272859e-01 1.02776889e+08 2.78546086e+01 2.44693170e+02 3.06590469e-01 1.71294816e+02 4.31159044e+13
1.77272727e+01 9.75067023e-04 8.66132269e-04 1.17797222e+00 1.32612755e+00 1.10788954e+08 6.58445725e-01 1.02446587e+08 2.79281798e+01 2.45745619e+02 3.06205109e-01 1.70744311e+02 4.29773393e+13
1.78787879e+01 9.72304779e-04 8.63972794e-04 1.18131875e+00 1.32944217e+00 1.10550371e+08 6.54673005e-01 1.02120388e+08 2.80013849e+01 2.46793579e+02 3.05823149e-01 1.70200647e+02 4.28404958e+13
1.80303030e+01 9.69573572e-04 8.61834889e-04 1.18464643e+00 1.33274004e+00 1.10313805e+08 6.50953473e-01 1.01798207e+08 2.80742286e+01 2.47837108e+02 3.05444534e-01 1.69663678e+02 4.27053375e+13
1.81818182e+01 9.66872795e-04 8.59718177e-04 1.18795551e+00 1.33602138e+00 1.10079227e+08 6.47285943e-01 1.01479957e+08 2.81467154e+01 2.48876262e+02 3.05069210e-01 1.69133262e+02 4.25718289e+13
1.83333333e+01 9.64201863e-04 8.57622293e-04 1.19124626e+00 1.33928639e+00 1.09846608e+08 6.43669262e-01 1.01165559e+08 2.82188496e+01 2.49911095e+02 3.04697123e-01 1.68609265e+02 4.24399356e+13
1.84848485e+01 9.61560200e-04 8.55546878e-04 1.19451893e+00 1.34253528e+00 1.09615920e+08 6.40102314e-01 1.00854931e+08 2.82906358e+01 2.50941661e+02 3.04328221e-01 1.68091552e+02 4.23096244e+13
1.86363636e+01 9.58947252e-04 8.53491582e-04 1.19777377e+00 1.34576824e+00 1.09387137e+08 6.36584016e-01 1.00547998e+08 2.83620781e+01 2.51968011e+02 3.03962455e-01 1.67579996e+02 4.21808627e+13
1.87878788e+01 9.56362476e-04 8.51456065e-04 1.20101101e+00 1.34898548e+00 1.09160232e+08 6.33113317e-01 1.00244683e+08 2.84331807e+01 2.52990198e+02 3.03599774e-01 1.67074471e+02 4.20536191e+13
1.89393939e+01 9.53805345e-04 8.49439994e-04 1.20423090e+00 1.35218718e+00 1.08935179e+08 6.29689196e-01 9.99449134e+07 2.85039477e+01 2.54008272e+02 3.03240130e-01 1.66574856e+02 4.19278630e+13
1.90909091e+01 9.51275345e-04 8.47443043e-04 1.20743365e+00 1.35537353e+00 1.08711951e+08 6.26310664e-01 9.96486191e+07 2.85743833e+01 2.55022281e+02 3.02883477e-01 1.66081032e+02 4.18035646e+13
1.92424242e+01 9.48771978e-04 8.45464896e-04 1.21061951e+00 1.35854471e+00 1.08490523e+08 6.22976759e-01 9.93557306e+07 2.86444912e+01 2.56032274e+02 3.02529767e-01 1.65592884e+02 4.16806951e+13
1.93939394e+01 9.46294755e-04 8.43505243e-04 1.21378868e+00 1.36170092e+00 1.08270871e+08 6.19686546e-01 9.90661808e+07 2.87142755e+01 2.57038298e+02 3.02178955e-01 1.65110301e+02 4.15592261e+13
1.95454545e+01 9.43843203e-04 8.41563781e-04 1.21694140e+00 1.36484232e+00 1.08052971e+08 6.16439119e-01 9.87799043e+07 2.87837398e+01 2.58040401e+02 3.01830999e-01 1.64633174e+02 4.14391303e+13
1.96969697e+01 9.41416860e-04 8.39640215e-04 1.22007786e+00 1.36796910e+00 1.07836798e+08 6.13233595e-01 9.84968372e+07 2.88528881e+01 2.59038627e+02 3.01485853e-01 1.64161395e+02 4.13203809e+13
1.98484848e+01 9.39015276e-04 8.37734255e-04 1.22319827e+00 1.37108141e+00 1.07622328e+08 6.10069119e-01 9.82169175e+07 2.89217238e+01 2.60033020e+02 3.01143476e-01 1.63694863e+02 4.12029519e+13
2.00000000e+01 9.36638012e-04 8.35845619e-04 1.22630285e+00 1.37417944e+00 1.07409539e+08 6.06944856e-01 9.79400848e+07 2.89902507e+01 2.61023626e+02 3.00803827e-01 1.63233475e+02 4.10868179e+13
